343951
343952
343953
343954
343955
343965
343968
343976
343984
343987
343989
343990
343991
343993
343994
343995
343996
343997
343999
344000
344001
344002
344003
344004
344006
344007
344008
344009
344010
344011
344012
344013
344014
344015
344016
344017
344018
344019
344020
344021
344022
344023
344024
344025
344026
344027
344028
344029
344030
344033
344035
344036
344037
344041
344057
344076
344079
344083
344084
344092
344124
344133
344134
344135
344141
344152
344188
344234
344238
344241
344246
344249
344251
344252
344253
344254
344255
344256
344257
344258
344259
344260
344261
344262
344263
344264
344265
344266
344267
344268
344269
344270
344271
344272
344273
344274
344275
344276
344277
344278
344279
344280
344281
344282
344283
344284
344285
344287
344288
344289
344290
344291
344292
344293
344295
344296
344297
344298
344299
344300
344301
344302
344303
344304
344305
344306
344307
344308
344309
344310
344311
344312
344313
344314
344315
344316
344317
344318
344319
344320
344321
344322
344323
344324
344325
344329
344331
344333
344336
344343
344362
344366
344372
344380
344385
344387
344389
344393
344400
344402
344403
344409
344412
344413
344424
344435
344436
344438
344439
344440
344441
344442
344443
344444
344445
344446
344447
344448
344449
344450
344451
344452
344453
344454
344455
344456
344457
344458
344459
344460
344462
344463
344464
344467
344468
344469
344470
344472
344473
344474
344475
344476
344477
344478
344479
344480
344481
344482
344483
344484
344485
344486
344488
344489
344490
344491
344492
344493
344494
344495
344496
344497
344498
344499
344500
344501
344502
344503
344504
344505
344506
344507
344508
344510
344511
344512
344513
344514
344515
344516
344517
344518
344519
344520
344521
344522
344523
344524
344525
344526
344527
344528
344529
344530
344531
344532
344533
344534
344535
344536
344537
344538
344539
344540
344541
344542
344543
344544
344545
344546
344547
344548
344549
344551
344552
344553
344554
344555
344601
344602
344603
344604
344606
344607
344608
344609
344610
344611
344612
344613
344614
344615
344616
344617
344618
344619
344620
344621
344622
344624
344625
344626
344628
344629
344630
344631
344632
344633
344634
344640
344641
344642
344643
344644
344645
344646
344647
344648
344649
344650
344651
344676
344686
344687
344688
344689
344690
344693
344695
344698
344700
344701
344702
344703
344704
344705
344706
344708
344709
344712
344714
344716
344721
344722
344728
344730
344731
344732
344734
344738
344739
344740
344741
344743
344744
344746
344747
344749
344750
344751
344753
344754
344755
344756
344757
344759
344761
344763
344769
344779
344789
344790
344795
344796
344797
344798
344799
344800
344801
344802
344804
344805
344806
344807
344808
344809
344810
344811
344813
344814
344815
344816
344817
344818
344819
344820
344821
344823
344824
344828
344843
344857
344858
344859
344860
344861
344862
344863
344864
344865
344866
344867
344868
344869
344870
344871
344872
344873
344874
344875
344876
344877
344878
344879
344880
344881
344882
344883
344884
344885
344886
344887
344888
344889
344890
344891
344892
344893
344894
344895
344896
344897
344898
344899
344900
344901
344902
344903
344904
344905
344906
344911
344917
344918
344959
344960
344961
344962
345036
345043
345053
345056
345057
345059
345060
345061
345062
345063
345064
345065
345066
345067
345068
345069
345070
345072
345073
345074
345075
345076
345077
345078
345079
345080
345081
345083
345084
345085
345086
345087
345088
345089
345090
345091
345092
345093
345094
345095
345096
345097
345098
345099
345100
345101
345102
345103
345104
345105
345106
345107
345108
345109
345110
345111
345112
345113
345114
345115
345116
345117
345118
345119
345120
345121
345122
345123
345124
345125
345126
345127
345128
345129
345130
345131
345132
345133
345134
345135
345136
345137
345138
345139
345140
345141
345142
345143
345144
345145
345146
345147
345148
345149
345150
345151
345152
345153
345156
345157
345158
345159
345160
345161
345162
345163
345165
345166
345167
345168
345169
345170
345171
345173
345174
345175
345180
345181
345188
345191
345192
345197
345199
345202
345206
345210
345212
345213
345214
345215
345221
345225
345226
345227
345228
345229
345230
345231
345232
345248
345254
345266
345278
345283
345293
345294
345309
345312
345324
345325
345329
345332
345336
345337
345340
345344
345345
345352
345353
345356
345358
345371
345392
345415
345420
345426
345427
345428
345430
345431
345432
345433
345434
345435
345436
345437
345439
345445
345456
345458
345459
345461
345467
345468
345471
345491
345494
345495
345541
345546
345547
345548
345549
345550
345551
345552
345553
345554
345555
345556
345557
345558
345559
345560
345561
345562
345563
345564
345565
345566
345567
345568
345569
345570
345571
345572
345573
345574
345576
345577
345578
345579
345580
345582
345583
345584
345585
345586
345587
345588
345589
345590
345591
345592
345593
345594
345595
345596
345597
345598
345599
345600
345601
345602
345603
345604
345605
345606
345607
345609
345610
345612
345613
345614
345615
345616
345621
345626
345646
345653
345656
345666
345667
345668
345669
345670
345671
345672
345673
345674
345675
345676
345677
345678
345679
345680
345681
345682
345683
345684
345685
345686
345687
345688
345689
345690
345691
345692
345693
345694
345695
345696
345697
345698
345699
345700
345701
345702
345703
345704
345705
345706
345707
345708
345709
345711
345712
345713
345714
345715
345716
345717
345718
345719
345720
345721
345722
345723
345724
345725
345726
345727
345728
345729
345730
345731
345732
345733
345734
345735
345736
345737
345738
345740
345741
345743
345744
345746
345747
345753
345755
345761
345762
345763
345766
345769
345773
345807
345813
345816
345822
345829
345861
345879
345917
345932
345935
345945
345956
345970
345971
345972
345973
345974
345975
345976
345977
345978
345979
345980
345981
345982
345983
345984
345985
345986
345987
345988
345989
345991
345992
345993
345994
345995
345996
345997
345998
345999
346000
346002
346003
346004
346005
346006
346007
346008
346009
346010
346011
346012
346013
346014
346015
346016
346017
346018
346019
346020
346021
346022
346023
346024
346025
346026
346027
346028
346057
346089
346092
346093
346094
346095
346096
346097
346098
346099
346101
346103
346104
346105
346106
346107
346108
346109
346110
346111
346112
346113
346114
346115
346116
346120
346121
346193
346199
346206
346207
346276
346279
346280
346281
346282
346283
346284
346285
346286
346288
346298
346299
346300
346302
346381
346382
346383
346384
346385
346386
346387
346388
346389
346390
346391
346392
346393
346394
346396
346397
346398
346399
346400
346401
346402
346403
346404
346405
346406
346407
346408
346409
346410
346411
346412
346413
346414
346415
346416
346418
346420
346421
346422
346423
346424
346425
346426
346427
346428
346429
346430
346431
346432
346433
346434
346435
346436
346437
346438
346439
346440
346441
346442
346443
346444
346445
346446
346447
346448
346449
346450
346451
346452
346453
346454
346455
346457
346458
346459
346460
346461
346462
346463
346464
346465
346466
346467
346468
346469
346470
346471
346472
346474
346475
346476
346486
346487
346488
346490
346491
346492
346494
346495
346497
346500
346501
346503
346505
346508
346511
346512
346513
346514
346517
346523
346527
346541
346548
346580
346587
346588
346598
346600
346610
346616
346618
346619
346620
346621
346623
346624
346625
346628
346629
346630
346631
346632
346633
346634
346635
346636
346637
346638
346640
346641
346642
346643
346645
346646
346647
346648
346649
346650
346651
346652
346657
346658
346659
346661
346662
346664
346671
346674
346675
346677
346678
346679
346680
346681
346682
346688
346690
346692
346694
346695
346696
346699
346702
346705
346709
346712
346713
346714
346715
346716
346717
346718
346719
346720
346721
346722
346723
346724
346725
346726
346727
346728
346730
346733
346736
346738
346739
346741
346745
346747
346748
346750
346751
346754
346755
346765
346788
346791
346792
346805
346813
346817
346822
346823
346825
346827
346830
346841
346860
346869
346883
346884
346989
346991
346992
346993
346996
346999
347002
347008
347009
347012
347013
347027
347035
347090
347091
347092
347093
347094
347095
347097
347098
347099
347100
347102
347103
347105
347112
347113
347115
347127
347130
347132
347134
347135
347137
347140
347142
347144
347146
347155
347156
347157
347158
347159
347160
347161
347162
347163
347164
347165
347166
347167
347168
347169
347170
347171
347172
347173
347174
347175
347176
347177
347178
347179
347180
347181
347182
347183
347184
347185
347186
347187
347188
347189
347232
347233
347234
347235
347236
347237
347239
347240
347241
347242
347243
347244
347245
347246
347247
347248
347249
347250
347251
347252
347253
347254
347255
347258
347259
347260
347261
347262
347263
347264
347265
347266
347267
347268
347269
347270
347271
347272
347273
347274
347275
347276
347277
347278
347279
347280
347281
347282
347283
347284
347285
347286
347287
347288
347289
347290
347291
347292
347293
347294
347295
347296
347297
347298
347299
347300
347301
347302
347303
347304
347305
347306
347307
347308
347352
347354
347356
347358
347359
347360
347361
347362
347365
347366
347376
347390
347391
347392
347395
347396
347417
347418
347420
347422
347425
347440
347452
347453
347462
347479
347497
347499
347501
347503
347510
347515
347517
347521
347524
347531
347599
347600
347602
347605
347606
347607
347614
347615
347616
347618
347620
347623
347625
347626
347629
347630
347635
347640
347641
347642
347661
347662
347663
347671
347684
347690
347740
347741
347742
347743
347744
347745
347746
347747
347748
347749
347750
347751
347752
347753
347754
347755
347756
347757
347758
347759
347760
347761
347762
347763
347764
347765
347766
347767
347768
347769
347770
347773
347774
347776
347777
347778
347779
347780
347781
347782
347783
347784
347785
347786
347787
347788
347789
347790
347791
347792
347793
347794
347795
347796
347797
347798
347799
347800
347801
347802
347803
347804
347805
347806
347807
347808
347809
347810
347811
347812
347813
347814
347815
347816
347817
347818
347819
347820
347823
347832
347836
347843
347848
347849
347850
347851
347853
347855
347856
347858
347861
347867
347869
347870
347872
347873
347874
347875
347876
347877
347878
347879
347880
347881
347882
347883
347884
347885
347886
347887
347888
347889
347890
347891
347892
347893
347894
347895
347896
347897
347898
347899
347900
347901
347902
347903
347904
347906
347907
347908
347909
347910
347911
347912
347913
347914
347915
347916
347917
347918
347919
347920
347921
347922
347923
347924
347925
347926
347927
347928
347929
347930
347931
347932
347933
347934
347935
347936
347937
347938
347939
347940
347941
347942
347943
347944
347945
347946
347947
347948
347949
347950
347952
347953
347954
347955
347956
347957
347958
347959
347960
347961
347962
347963
347964
347966
347967
347968
347969
347970
347971
347972
347973
347983
347992
347993
347994
347995
348005
348006
348018
348019
348020
348021
348022
348024
348025
348026
348027
348028
348029
348030
348031
348032
348033
348035
348037
348039
348040
348041
348042
348043
348044
348045
348046
348048
348051
348052
348053
348054
348055
348056
348057
348060
348062
348063
348064
348065
348067
348072
348074
348078
348083
348089
348096
348097
348098
348099
348100
348101
348103
348105
348106
348107
348109
348110
348111
348114
348116
348117
348118
348121
348130
348131
348137
348144
348145
348154
348163
348171
348175
348178
348179
348182
348183
348184
348186
348187
348201
348202
348203
348205
348206
348207
348208
348211
348221
348241
348247
348248
348249
348251
348252
348254
348255
348256
348260
348322
348325
348333
348338
348339
348341
348344
348347
348348
348353
348354
348356
348357
348358
348360
348369
348370
348372
348373
348381
348388
348402
348406
348407
348408
348409
348410
348411
348412
348413
348415
348416
348417
348418
348419
348420
348421
348422
348423
348424
348425
348426
348427
348428
348429
348430
348431
348432
348433
348434
348435
348436
348437
348438
348439
348440
348441
348442
348443
348444
348445
348446
348447
348448
348449
348450
348451
348452
348453
348454
348455
348456
348457
348458
348459
348460
348461
348462
348463
348464
348465
348466
348467
348468
348469
348470
348471
348472
348473
348474
348475
348476
348477
348478
348479
348480
348509
348526
348542
348548
348551
348593
348595
348605
348606
348661
348662
348663
348664
348665
348666
348667
348668
348669
348670
348671
348672
348673
348674
348675
348676
348677
348678
348679
348681
348682
348683
348684
348685
348687
348688
348689
348690
348691
348692
348702
348703
348704
348705
348706
348707
348708
348713
348715
348717
348719
348720
348722
348723
348726
348732
348785
348800
348801
348821
348836
348864
348865
348868
348870
348874
348915
348918
348926
348935
348936
348939
349018
349027
349030
349047
349048
349049
349050
349051
349052
349053
349054
349055
349056
349057
349058
349059
349060
349061
349062
349063
349064
349065
349066
349067
349068
349069
349070
349071
349072
349073
349074
349075
349076
349077
349078
349079
349080
349081
349082
349083
349084
349085
349086
349087
349088
349089
349090
349091
349092
349093
349094
349095
349096
349097
349098
349099
349100
349101
349102
349103
349104
349105
349106
349107
349108
349109
349110
349111
349112
349113
349115
349116
349117
349118
349119
349120
349122
349123
349124
349125
349126
349127
349128
349129
349130
349131
349132
349133
349134
349135
349137
349138
349139
349140
349141
349142
349143
349144
349145
349146
349147
349148
349149
349150
349151
349152
349153
349154
349155
349156
349157
349159
349237
349238
349243
349247
349248
349249
349250
349251
349252
349253
349254
349255
349256
349257
349258
349259
349260
349261
349262
349263
349264
349265
349266
349267
349268
349269
349270
349271
349272
349273
349274
349275
349276
349278
349279
349280
349281
349282
349283
349284
349285
349286
349287
349288
349289
349290
349291
349292
349293
349294
349295
349296
349297
349298
349299
349300
349301
349302
349303
349304
349305
349306
349307
349308
349309
349310
349311
349312
349313
349314
349315
349316
