349317
349318
349319
349320
349321
349322
349323
349325
349328
349329
349330
349331
349332
349333
349335
349336
349337
349338
349339
349340
349370
349371
349378
349387
349449
349450
349488
349502
349510
349511
349512
349520
349532
349562
349590
349608
349612
349617
349621
349632
349635
349636
349637
349638
349639
349640
349641
349642
349643
349644
349645
349646
349647
349648
349649
349650
349651
349652
349653
349654
349655
349656
349657
349658
349659
349660
349661
349662
349663
349664
349665
349666
349667
349668
349669
349670
349672
349673
349674
349675
349676
349677
349678
349679
349680
349681
349682
349683
349684
349685
349686
349687
349688
349689
349690
349691
349692
349693
349694
349695
349696
349697
349698
349699
349700
349701
349702
349703
349704
349705
349706
349707
349708
349709
349710
349711
349712
349713
349714
349715
349716
349717
349718
349719
349720
349721
349722
349723
349724
349725
349726
349727
349728
349729
349730
349731
349732
349733
349734
349735
349736
349737
349738
349739
349740
349741
349742
349763
349765
349766
349767
349768
349770
349772
349773
349774
349775
349777
349778
349779
349781
349782
349784
349788
349789
349790
349791
349792
349793
349794
349795
349796
349797
349798
349799
349800
349801
349814
349817
349820
349821
349828
349833
349834
349837
349840
349843
349848
349853
349855
349860
349863
349895
349903
349908
349909
349919
349929
349943
349944
349945
349947
349953
349956
349966
349969
349972
349973
349974
349975
349977
349978
349979
349980
349981
349984
349986
349990
349991
349992
349993
349994
349996
349997
349998
349999
350001
350012
350013
350027
350032
350033
350041
350045
350046
350047
350053
350055
350059
350061
350074
350075
350083
350095
350097
350099
350102
350103
350107
350110
350126
350127
350133
350145
350147
350148
350150
350151
350152
350153
350154
350158
350159
350160
350161
350163
350164
350165
350167
350168
350169
350170
350171
350172
350173
350174
350175
350176
350177
350178
350180
350181
350185
350186
350188
350189
350190
350191
350192
350193
350194
350195
350196
350197
350201
350202
350203
350205
350207
350208
350211
350212
350213
350214
350215
350216
350217
350221
350222
350224
350225
350230
350232
350234
350235
350237
350248
350250
350264
350265
350283
350284
350286
350289
350291
350292
350299
350303
350304
350308
350325
350332
350333
350334
350335
350336
350337
350338
350339
350340
350341
350342
350343
350344
350345
350346
350347
350348
350349
350350
350352
350353
350354
350355
350356
350357
350358
350359
350360
350361
350362
350363
350364
350365
350366
350367
350368
350369
350370
350371
350372
350373
350374
350375
350376
350377
350378
350379
350381
350382
350383
350384
350385
350386
350387
350388
350389
350390
350391
350392
350393
350394
350395
350396
350397
350398
350399
350400
350401
350402
350403
350404
350406
350407
350408
350409
350410
350411
350412
350413
350414
350415
350416
350417
350418
350419
350420
350421
350422
350423
350425
350426
350427
350429
350430
350433
350434
350436
350439
350440
350442
350448
350453
350455
350458
350459
350460
350461
350466
350470
350484
350491
350493
350495
350496
350497
350499
350511
350517
350518
350521
350526
350529
350537
350538
350539
350543
350559
350561
350564
350566
350567
350568
350570
350571
350574
350575
350578
350579
350582
350585
350586
350587
350589
350591
350592
350593
350594
350595
350596
350597
350598
350599
350600
350601
350605
350606
350607
350649
350650
350651
350652
350653
350654
350655
350656
350657
350658
350659
350660
350661
350662
350663
350664
350665
350666
350722
350724
350725
350726
350727
350728
350729
350730
350733
350734
350735
350738
350740
350745
350746
350751
350798
350810
350813
350832
350833
350834
350835
350836
350837
350852
350859
350877
350881
350885
350887
350888
350889
350894
350896
350898
350899
350901
350903
350904
350906
350907
350908
350910
350911
350913
350914
350919
350920
350922
350923
350924
350925
350927
350928
350932
350936
350938
350939
350941
350948
350951
350952
350953
350954
350955
350956
350957
350958
350959
350960
350961
350962
350963
350964
350965
350966
350967
350968
350969
350970
350971
350972
350973
350974
350975
350976
350977
350978
350979
350980
350981
350982
350983
350984
350985
350986
350987
350988
350989
350990
350991
350992
350993
350994
350995
350996
350997
350998
350999
351000
351001
351002
351003
351004
351005
351006
351007
351008
351009
351010
351011
351012
351013
351014
351023
351024
351025
351026
351044
351045
351046
351047
351048
351050
351052
351053
351054
351055
351056
351057
351058
351059
351060
351061
351062
351063
351065
351066
351067
351068
351069
351071
351072
351073
351074
351075
351076
351077
351078
351079
351080
351087
351094
351109
351112
351131
351132
351133
351134
351135
351136
351137
351138
351139
351140
351141
351142
351143
351144
351145
351146
351147
351148
351150
351151
351152
351153
351154
351155
351156
351157
351158
351159
351160
351161
351162
351163
351164
351165
351166
351167
351168
351169
351170
351171
351172
351173
351174
351175
351176
351177
351178
351179
351180
351181
351182
351183
351184
351185
351186
351187
351188
351189
351190
351191
351192
351193
351194
351195
351196
351197
351198
351199
351200
351201
351202
351203
351204
351205
351206
351207
351208
351209
351210
351211
351212
351213
351214
351215
351216
351217
351218
351219
351220
351221
351222
351223
351224
351225
351226
351227
351228
351230
351231
351232
351233
351234
351235
351236
351237
351238
351239
351240
351241
351242
351243
351244
351245
351246
351247
351248
351249
351250
351251
351252
351253
351254
351255
351256
351257
351258
351259
351260
351261
351262
351263
351264
351265
351266
351267
351268
351269
351270
351271
351272
351273
351274
351275
351276
351277
351278
351279
351280
351281
351282
351283
351284
351285
351286
351287
351288
351289
351290
351291
351292
351293
351294
351295
351296
351297
351298
351299
351300
351301
351302
351303
351304
351305
351306
351307
351308
351309
351310
351311
351312
351313
351314
351315
351316
351317
351318
351319
351320
351321
351322
351323
351324
351325
351326
351327
351328
351329
351330
351331
351332
351333
351334
351335
351338
351364
351366
351371
351372
351374
351398
351404
351405
351406
351407
351408
351411
351412
351413
351414
351415
351416
351419
351420
351421
351422
351423
351424
351425
351427
351428
351429
351430
351431
351432
351433
351434
351435
351438
351439
351440
351441
351442
351443
351444
351446
351447
351448
351449
351450
351451
351452
351453
351454
351456
351457
351458
351459
351460
351461
351462
351463
351464
351465
351466
351467
351468
351469
351470
351471
351472
351474
351476
351477
351478
351479
351482
351485
351489
351490
351492
351493
351495
351497
351498
351508
351509
351510
351511
351512
351513
351514
351515
351516
351517
351518
351519
351532
351551
351558
351559
351575
351577
351579
351580
351581
351583
351584
351586
351587
351589
351593
351594
351595
351602
351606
351610
351616
351617
351618
351619
351621
351645
351700
351701
351703
351704
351705
351706
351707
351709
351712
351715
351716
351717
351722
351723
351724
351725
351726
351730
351731
351732
351735
351768
351770
351772
351780
351786
351793
351802
351807
351813
351820
351826
351828
351830
351834
351842
351866
351869
351871
351874
351875
351880
351881
351882
351888
351889
351890
351891
351892
351893
351894
351895
351896
351897
351899
351900
351901
351902
351904
351905
351906
351907
351908
351909
351910
351912
351913
351914
351915
351916
351917
351918
351919
351920
351921
351922
351923
351924
351926
351929
351930
351931
351932
351933
351934
351935
351936
351938
351940
351941
351943
351944
351945
351946
351947
351948
351950
351951
351952
351953
351954
351955
351956
351957
351959
351960
351961
351962
351964
351967
351968
351984
351985
351986
351987
351989
351990
351991
351992
351993
351994
351995
351997
351999
352000
352001
352002
352004
352005
352006
352007
352008
352009
352010
352011
352012
352013
352014
352015
352016
352017
352018
352019
352020
352021
352022
352023
352024
352025
352026
352027
352028
352029
352030
352031
352032
352033
352034
352035
352036
352037
352038
352039
352040
352041
352042
352043
352044
352045
352046
352047
352048
352050
352051
352052
352053
352054
352055
352056
352057
352058
352059
352060
352061
352062
352063
352064
352065
352066
352067
352068
352069
352070
352071
352072
352073
352074
352075
352076
352077
352078
352079
352080
352081
352082
352083
352084
352085
352086
352087
352092
352093
352094
352124
352126
352127
352128
352129
352134
352135
352136
352137
352138
352139
352140
352141
352142
352143
352144
352145
352146
352147
352148
352149
352150
352151
352152
352153
352154
352155
352156
352157
352158
352159
352160
352161
352162
352163
352164
352165
352166
352167
352168
352169
352170
352171
352172
352173
352174
352175
352176
352177
352178
352179
352180
352181
352182
352183
352184
352195
352198
352211
352217
352218
352222
352234
352236
352240
352241
352245
352247
352249
352252
352253
352257
352258
352263
352266
352267
352272
352274
352277
352278
352281
352285
352287
352297
352300
352302
352303
352305
352306
352308
352309
352311
352313
352321
352328
352329
352336
352337
352339
352353
352354
352370
352371
352373
352375
352376
352377
352379
352383
352395
352397
352404
352415
352443
352458
352466
352467
352468
352478
352479
352485
352492
352496
352497
352500
352507
352510
352516
352521
352525
352526
352544
352547
352549
352557
352558
352562
352564
352565
352569
352574
352580
352584
352585
352588
352596
352599
352600
352608
352609
352614
352629
352630
352633
352637
352640
352669
352674
352697
352802
352803
352804
352805
352806
352807
352808
352809
352810
352811
352812
352813
352814
352815
352816
352817
352819
352820
352822
352824
352825
352827
352828
352829
352830
352831
352832
352833
352835
352836
352837
352839
352841
352842
352844
352845
352867
352872
352878
352884
352903
352909
352910
352927
352929
352930
352931
352932
352933
352934
352935
352936
352937
352938
352939
352940
352941
352942
352943
352944
352945
352946
352947
352948
352949
352950
352951
352952
352953
352954
352955
352957
352961
352962
352963
352994
352997
352998
353000
353002
353016
353028
353029
353031
353033
353050
353052
353053
353054
353055
353056
353057
353058
353071
353075
353076
353077
353079
353080
353086
353114
353168
353169
353170
353171
353172
353173
353174
353176
353177
353178
353179
353180
353181
353183
353184
353185
353186
353187
353188
353189
353190
353191
353192
353193
353194
353200
353205
353230
353240
353241
353242
353354
353355
353363
353370
353383
353396
353413
353417
353418
353423
353424
353443
353444
353445
353446
353447
353448
353449
353450
353451
353452
353453
353454
353462
353467
353491
353492
353493
353494
353495
353496
353497
353498
353499
353500
353501
353502
353503
353504
353505
353506
353507
353508
353509
353510
353511
353512
353513
353514
353516
353517
353518
353519
353520
353521
353522
353524
353525
353526
353527
353528
353529
353530
353531
353532
353533
353534
353535
353536
353537
353538
353539
353540
353541
353542
353543
353544
353545
353546
353547
353548
353549
353550
353551
353552
353553
353554
353555
353556
353557
353558
353559
353560
353561
353562
353563
353564
353565
353566
353567
353568
353569
353570
353571
353572
353573
353574
353575
353576
353577
353578
353579
353580
353581
353582
353583
353584
353585
353586
353587
353588
353589
353590
353688
353695
353697
353719
353720
353722
353723
353727
353729
353742
353745
353746
353747
353748
353749
353750
353751
353752
353753
353754
353755
353756
353757
353758
353759
353760
353761
353763
353764
353765
353766
353768
353769
353770
353771
353772
353773
353774
353775
353776
353777
353778
353780
353781
353782
353783
353784
353785
353786
353787
353788
353789
353790
353791
353792
353793
353794
353795
353796
353797
353798
353799
353800
353801
353802
353803
353804
353805
353806
353807
353808
353809
353810
353811
353812
353813
353814
353815
353816
353817
353818
353819
353820
353821
353822
353823
353824
353825
353826
353827
353828
353829
353830
353831
353832
353833
353834
353835
353836
353837
353838
353839
353840
353841
353842
353843
353844
353845
353846
353847
353848
353849
353850
353851
353852
353853
353854
353855
353856
353857
353858
353859
353860
353861
353862
353863
353864
353888
353891
353895
353897
353899
353907
353910
353912
353914
353915
353916
353927
353928
353929
353930
353931
353932
353933
353934
353935
353936
353937
353938
353939
353940
353941
353942
353943
353944
353945
353946
353947
353948
353950
353951
353952
353953
353954
353955
353956
353957
353958
353959
353960
353961
353962
353963
353964
353965
353966
353967
353968
353969
353970
353971
353977
354043
354058
354059
354060
354062
354063
354069
354070
354074
354075
354077
354081
354084
354094
354095
354097
354098
354099
354101
354106
354107
354109
354112
354114
354115
354118
354122
354123
354124
354125
354150
354151
354152
354154
354155
354156
354157
354158
354159
354160
354161
354162
354163
354165
354166
354167
354168
354169
354171
354172
354180
354182
354183
354187
354188
354190
354197
354201
354202
354203
354205
354208
354209
354210
354213
354215
354216
354217
354234
354254
354255
354257
354258
354260
354261
354264
354331
354336
354339
354341
354344
354345
354346
354347
354348
354349
354350
354351
354352
354353
354354
354355
354356
354357
354358
354359
354360
354361
354362
354363
354364
354365
354366
354367
354368
354369
354370
354371
354372
354373
354374
354376
354377
354378
354379
354380
354381
354382
354383
354384
354385
354386
354387
354388
354389
354390
354391
354392
354393
354394
354395
354396
354397
354398
354399
354400
354402
354403
354404
354405
354406
354407
354408
354409
354410
354411
354412
354413
354414
354415
354416
354417
354418
354419
354420
354421
354422
354423
354424
354425
354426
354427
354428
354429
354430
354431
354432
354433
354434
354435
354436
354437
354438
354439
354440
354441
354442
354444
354445
354446
354447
354448
354449
354450
354451
354452
354453
354454
354455
354456
354457
354458
354459
354460
354461
354462
