354463
354464
354465
354466
354467
354468
354469
354470
354471
354472
354473
354474
354475
354476
354477
354478
354479
354480
354481
354482
354483
354484
354485
354486
354487
354488
354489
354490
354491
354492
354494
354495
354496
354497
354498
354499
354500
354501
354502
354503
354504
354505
354506
354507
354508
354509
354511
354512
354513
354514
354515
354516
354517
354518
354519
354520
354521
354522
354523
354524
354525
354526
354527
354528
354529
354530
354531
354532
354533
354534
354535
354536
354537
354538
354539
354540
354541
354542
354543
354544
354545
354546
354547
354548
354549
354550
354551
354552
354553
354554
354555
354556
354557
354558
354559
354560
354561
354562
354563
354564
354578
354581
354582
354601
354608
354626
354638
354639
354641
354646
354647
354664
354681
354684
354695
354711
354714
354715
354716
354717
354718
354719
354726
354729
354737
354739
354740
354746
354750
354754
354756
354757
354758
354762
354763
354764
354767
354768
354783
354787
354788
354804
354805
354818
354821
354836
354842
354933
354935
354936
354939
354945
354946
354949
354951
354953
354955
354956
354962
354963
354976
354979
354980
354985
354986
354988
354989
354990
354993
354994
354995
354996
354998
355001
355005
355008
355010
355013
355014
355015
355017
355018
355020
355022
355023
355026
355027
355029
355035
355036
355037
355038
355040
355042
355044
355045
355046
355049
355051
355054
355059
355061
355063
355070
355073
355081
355083
355084
355085
355086
355088
355089
355091
355092
355093
355101
355102
355114
355120
355124
355127
355129
355152
355159
355160
355161
355189
355201
355219
355221
355222
355227
355228
355229
355230
355231
355233
355237
355238
355239
355240
355241
355242
355245
355246
355249
355253
355267
355279
355281
355282
355283
355284
355285
355286
355287
355288
355290
355291
355292
355293
355294
355295
355329
355330
355331
355332
355333
355334
355335
355336
355337
355338
355339
355340
355341
355342
355343
355344
355345
355346
355347
355348
355350
355351
355352
355354
355355
355356
355357
355358
355359
355360
355361
355362
355363
355364
355365
355366
355367
355368
355369
355370
355371
355372
355373
355374
355375
355377
355378
355379
355380
355381
355382
355383
355384
355385
355386
355387
355388
355389
355390
355391
355392
355393
355394
355395
355396
355397
355398
355399
355400
355401
355402
355403
355404
355405
355406
355407
355408
355409
355410
355411
355412
355413
355414
355415
355416
355417
355418
355419
355420
355421
355422
355423
355424
355425
355426
355427
355428
355429
355430
355431
355432
355433
355434
355435
355436
355437
355438
355439
355440
355441
355442
355443
355444
355445
355446
355447
355448
355449
355450
355451
355452
355453
355454
355455
355456
355457
355458
355459
355460
355461
355462
355463
355470
355472
355473
355474
355475
355476
355477
355478
355480
355481
355482
355483
355484
355485
355486
355487
355488
355489
355490
355491
355495
355497
355500
355509
355511
355512
355513
355516
355517
355519
355523
355530
355545
355550
355553
355554
355555
355556
355557
355558
355559
355560
355561
355566
355567
355570
355571
355572
355575
355577
355578
355582
355584
355585
355586
355588
355590
355592
355595
355596
355597
355599
355601
355602
355607
355611
355612
355615
355616
355618
355619
355622
355625
355630
355632
355636
355637
355639
355648
355652
355657
355660
355665
355671
355674
355679
355690
355692
355693
355697
355706
355707
355708
355709
355710
355711
355712
355713
355714
355715
355716
355717
355718
355719
355720
355721
355722
355723
355724
355725
355726
355727
355728
355729
355730
355731
355732
355733
355734
355735
355736
355737
355738
355739
355740
355741
355742
355743
355744
355745
355746
355747
355748
355749
355750
355751
355752
355753
355754
355755
355756
355757
355758
355759
355794
355797
355838
355845
355846
355847
355848
355849
355850
355851
355852
355853
355854
355855
355856
355857
355858
355859
355860
355861
355862
355863
355864
355865
355866
355867
355868
355869
355870
355871
355872
355873
355874
355875
355876
355877
355878
355879
355880
355881
355882
355883
355884
355885
355886
355887
355888
355889
355890
355891
355892
355893
355894
355895
355896
355897
355898
355899
355900
355901
355902
355903
355904
355905
355906
355907
355908
355909
355910
355911
355912
355913
355914
355915
355916
355917
355918
355919
355920
355921
355922
355923
355924
355925
355926
355927
355928
355929
355930
355931
355932
355933
355934
355935
355936
355937
355938
355939
355940
355942
355944
355945
355946
355952
355953
355954
355955
355956
355957
355958
355959
355960
355961
355963
355989
355996
356006
356007
356008
356025
356030
356034
356035
356036
356037
356038
356039
356044
356045
356046
356050
356055
356058
356059
356060
356061
356062
356063
356064
356065
356066
356067
356068
356069
356070
356071
356073
356076
356077
356078
356079
356081
356084
356085
356086
356087
356088
356089
356090
356091
356094
356095
356096
356100
356101
356102
356104
356105
356106
356107
356108
356109
356110
356114
356115
356117
356122
356123
356124
356125
356126
356145
356150
356168
356169
356174
356175
356176
356179
356180
356292
356294
356295
356300
356302
356307
356314
356315
356321
356334
356338
356350
356354
356355
356357
356376
356377
356392
356403
356408
356415
356416
356417
356418
356420
356421
356422
356423
356424
356425
356426
356427
356428
356429
356430
356431
356432
356433
356434
356435
356436
356437
356438
356439
356440
356441
356442
356443
356444
356445
356446
356447
356448
356449
356450
356451
356452
356453
356454
356455
356456
356457
356458
356459
356503
356507
356512
356522
356525
356530
356532
356534
356537
356540
356542
356544
356545
356549
356553
356554
356555
356564
356565
356566
356584
356586
356596
356598
356599
356603
356627
356630
356642
356648
356676
356677
356678
356679
356680
356681
356682
356683
356684
356689
356691
356692
356697
356700
356701
356705
356707
356710
356713
356715
356716
356720
356721
356722
356724
356725
356726
356728
356729
356733
356734
356740
356749
356750
356751
356763
356765
356775
356781
356794
356800
356813
356820
356821
356823
356825
356831
356833
356837
356838
356839
356840
356841
356847
356851
356859
356863
356874
356875
356876
356877
356878
356879
356880
356881
356882
356883
356884
356885
356886
356887
356888
356889
356890
356891
356892
356893
356894
356895
356896
356897
356898
356899
356900
356901
356902
356903
356904
356905
356906
356907
356908
356909
356910
356911
356912
356913
356914
356915
356916
356917
356918
356919
356920
356921
356922
356923
356924
356925
356926
356927
356928
356929
356930
356931
356932
356933
356934
356935
356936
356937
356938
356939
356940
356941
356942
356943
356944
356945
356946
356947
356948
356949
356950
356951
356952
356953
356954
356955
356956
356957
356958
356959
356960
356962
356969
356973
356982
356983
356987
356994
356995
356997
356998
356999
357000
357002
357003
357004
357005
357006
357008
357013
357015
357016
357017
357018
357019
357020
357021
357022
357023
357024
357025
357026
357028
357029
357030
357031
357032
357033
357034
357035
357036
357037
357067
357075
357076
357077
357078
357079
357080
357081
357082
357089
357090
357091
357092
357093
357094
357095
357096
357097
357098
357102
357104
357105
357106
357107
357108
357109
357110
357111
357112
357113
357114
357115
357116
357117
357120
357121
357122
357123
357124
357125
357126
357127
357128
357129
357130
357131
357132
357133
357134
357135
357136
357137
357138
357139
357140
357141
357142
357143
357144
357145
357146
357147
357148
357149
357150
357151
357152
357153
357154
357155
357156
357157
357158
357159
357160
357161
357162
357163
357164
357165
357166
357167
357168
357169
357170
357171
357172
357173
357174
357175
357176
357177
357178
357179
357180
357181
357182
357183
357184
357185
357186
357187
357188
357189
357190
357191
357192
357193
357196
357197
357198
357199
357206
357210
357211
357216
357220
357221
357223
357224
357226
357227
357229
357231
357236
357237
357238
357239
357240
357242
357243
357246
357279
357280
357281
357288
357289
357293
357294
357296
357298
357300
357301
357303
357304
357306
357315
357316
357331
357332
357333
357334
357335
357353
357359
357360
357361
357362
357363
357364
357365
357367
357368
357369
357370
357371
357372
357373
357375
357376
357379
357381
357382
357384
357385
357386
357390
357393
357398
357399
357401
357402
357407
357408
357414
357419
357421
357423
357425
357426
357427
357445
357448
357459
357460
357461
357462
357463
357464
357465
357466
357467
357468
357469
357470
357471
357472
357473
357474
357475
357476
357477
357478
357479
357480
357481
357482
357483
357484
357486
357487
357488
357490
357497
357506
357517
357520
357523
357525
357526
357528
357529
357530
357531
357532
357533
357536
357539
357545
357553
357554
357556
357558
357565
357584
357596
357597
357598
357606
357607
357616
357637
357640
357641
357646
357647
357649
357656
357665
357666
357711
357738
357739
357740
357741
357742
357743
357744
357745
357746
357747
357748
357749
357750
357751
357752
357753
357754
357755
357756
357757
357758
357759
357760
357761
357763
357764
357765
357766
357767
357768
357769
357770
357771
357772
357773
357774
357775
357776
357777
357778
357779
357780
357781
357782
357783
357784
357785
357786
357787
357788
357789
357790
357791
357792
357793
357794
357795
357796
357797
357798
357799
357800
357801
357802
357803
357804
357805
357806
357807
357808
357809
357810
357811
357812
357813
357814
357815
357816
357817
357818
357819
357820
357821
357822
357823
357825
357827
357829
357830
357831
357832
357833
357834
357836
357838
357839
357840
357841
357843
357844
357845
357846
357847
357849
357850
357855
357856
357859
357860
357862
357864
357870
357879
357916
357919
357933
357957
357962
357965
358002
358021
358036
358039
358040
358041
358043
358048
358049
358050
358061
358064
358068
358072
358080
358082
358093
358096
358098
358102
358103
358104
358109
358111
358119
358121
358122
358128
358130
358137
358138
358143
358149
358150
358152
358155
358156
358157
358158
358164
358175
358179
358180
358183
358184
358189
358193
358194
358195
358196
358200
358206
358207
358212
358213
358214
358218
358219
358227
358232
358233
358234
358235
358236
358237
358238
358239
358240
358244
358245
358246
358247
358248
358249
358250
358251
358252
358253
358254
358255
358256
358257
358258
358259
358260
358261
358262
358263
358264
358265
358266
358267
358268
358269
358270
358271
358272
358273
358274
358275
358276
358277
358278
358279
358280
358281
358282
358283
358284
358285
358286
358287
358288
358289
358290
358291
358292
358293
358295
358296
358297
358298
358299
358300
358301
358302
358303
358304
358305
358306
358307
358308
358309
358310
358311
358312
358313
358315
358316
358318
358319
358321
358324
358341
358358
358372
358382
358383
358384
358385
358386
358387
358388
358389
358390
358391
358392
358393
358394
358395
358396
358397
358398
358399
358400
358401
358402
358403
358404
358405
358406
358407
358408
358409
358410
358411
358412
358413
358414
358415
358416
358417
358418
358419
358420
358421
358422
358423
358424
358425
358426
358427
358428
358429
358430
358431
358432
358433
358434
358435
358436
358437
358438
358439
358440
358441
358442
358443
358444
358445
358446
358447
358448
358449
358450
358451
358452
358453
358454
358455
358456
358457
358458
358459
358460
358461
358462
358463
358469
358471
358472
358483
358484
358488
358493
358495
358496
358499
358501
358505
358506
358507
358509
358513
358524
358526
358531
358532
358536
358538
358539
358541
358542
358543
358545
358552
358553
358554
358555
358558
358600
358601
358602
358603
358604
358608
358614
358628
358634
358635
358637
358638
358640
358642
358643
358649
358651
358653
358656
358657
358658
358660
358662
358667
358668
358670
358675
358676
358677
358689
358690
358691
358692
358693
358694
358695
358696
358697
358698
358699
358700
358701
358702
358703
358704
358705
358706
358707
358708
358709
358710
358711
358712
358713
358714
358715
358716
358717
358718
358719
358720
358721
358722
358723
358724
358725
358726
358727
358728
358729
358730
358731
358732
358733
358734
358735
358736
358737
358738
358739
358740
358741
358742
358743
358744
358745
358746
358747
358748
358749
358750
358751
358752
358753
358754
358755
358756
358757
358758
358759
358760
358761
358762
358763
358764
358765
358766
358767
358768
358769
358770
358771
358772
358773
358774
358775
358781
358785
358810
358811
358813
358819
358845
358855
358858
358875
358876
358877
358878
358879
358880
358881
358882
358883
358884
358885
358886
358887
358888
358889
358890
358891
358895
358896
358897
358898
358899
358900
358901
358902
358903
358904
358905
358906
358912
358920
358923
358940
358942
358944
358947
358950
358954
358956
358957
358958
358959
358964
358965
358966
358967
358968
358969
358970
358971
358972
358973
358977
358979
358980
358988
359010
359019
359022
359026
359028
359029
359032
359035
359036
359039
359128
359129
359130
359131
359132
359133
359135
359136
359137
359138
359139
359140
359141
359142
359143
359144
359145
359146
359147
359148
359149
359150
359151
359152
359153
359154
359155
359156
359160
359161
359162
359164
359166
359167
359168
359172
359173
359174
359180
359185
359186
359193
359211
359219
359225
359230
359231
359235
359236
359237
359238
359239
359240
359241
359242
359243
359244
359245
359246
359247
359248
359249
359250
359251
359252
359253
359254
359255
359256
359257
359272
359273
359274
359275
359276
359277
359278
359279
359280
359281
359282
359283
359284
359285
359286
359287
359288
359289
359290
359291
359292
359293
359294
359295
359296
359297
359298
359299
359300
359301
359302
359303
359304
359305
359306
359307
359308
359309
359310
359311
359312
359313
359314
359315
359316
359317
359318
359319
359320
359321
359322
359323
359324
359325
359326
359327
359328
359329
359330
359331
359332
359333
359334
359335
359336
359337
359338
359339
359341
359342
359343
359344
359345
359346
359347
359348
359349
359350
359351
359352
359353
359354
359355
359356
359360
359362
359371
359372
359381
359385
359398
