359400
359401
359420
359424
359425
359429
359446
359448
359457
359460
359461
359462
359465
359469
359472
359473
359474
359475
359476
359477
359478
359479
359480
359481
359484
359492
359493
359494
359495
359513
359514
359517
359521
359522
359523
359528
359550
359555
359585
359586
359587
359588
359612
359613
359614
359615
359621
359622
359623
359624
359627
359628
359629
359630
359631
359632
359633
359635
359636
359638
359639
359641
359642
359643
359645
359646
359652
359653
359655
359659
359660
359663
359665
359673
359677
359707
359711
359712
359715
359723
359725
359728
359729
359731
359732
359733
359734
359735
359738
359739
359741
359746
359747
359748
359749
359752
359753
359754
359756
359758
359759
359760
359761
359764
359765
359766
359767
359768
359769
359770
359771
359772
359774
359779
359780
359782
359783
359784
359786
359787
359788
359793
359797
359803
359808
359812
359816
359818
359835
359839
359850
359852
359853
359863
359877
359878
359880
359882
359884
359888
359889
359890
359891
359895
359898
359900
359911
359939
359940
359941
359942
359943
359944
359945
359946
359947
359948
359949
359950
359951
359952
359953
359954
359955
359956
359957
359958
359959
359960
359961
359962
359963
359964
359965
359966
359967
359968
359969
359970
359971
359972
359973
359974
359975
359976
359977
359978
359979
359980
359981
359982
359983
359984
359985
359986
359987
359988
359989
359990
359991
359992
359993
359994
359995
359996
359997
359998
359999
360000
360001
360002
360003
360004
360005
360006
360007
360008
360009
360010
360011
360012
360013
360019
360027
360028
360029
360043
360049
360054
360060
360061
360062
360063
360064
360065
360066
360067
360068
360069
360070
360071
360072
360073
360074
360075
360076
360077
360078
360079
360080
360081
360082
360083
360084
360085
360086
360087
360088
360089
360090
360091
360092
360097
360116
360117
360118
360119
360120
360121
360122
360123
360124
360125
360126
360127
360128
360129
360130
360131
360132
360133
360134
360135
360136
360137
360138
360139
360140
360141
360142
360143
360144
360145
360146
360147
360148
360149
360150
360151
360152
360153
360154
360155
360156
360157
360158
360159
360160
360161
360162
360163
360164
360165
360166
360167
360168
360169
360170
360171
360172
360173
360174
360175
360176
360177
360178
360179
360180
360181
360182
360183
360184
360185
360186
360187
360188
360189
360190
360191
360192
360193
360194
360195
360196
360197
360198
360199
360200
360201
360208
360209
360233
360234
360243
360282
360288
360292
360293
360294
360295
360296
360297
360298
360299
360301
360302
360303
360304
360305
360306
360307
360308
360309
360310
360311
360312
360313
360314
360316
360317
360318
360321
360322
360323
360324
360325
360327
360328
360331
360332
360333
360334
360335
360336
360337
360338
360339
360340
360341
360342
360343
360344
360345
360346
360347
360348
360349
360350
360351
360352
360353
360354
360355
360356
360357
360358
360359
360360
360361
360362
360363
360364
360365
360366
360367
360368
360369
360370
360371
360372
360373
360374
360375
360376
360377
360378
360379
360380
360381
360382
360383
360384
360385
360386
360387
360388
360389
360390
360391
360392
360393
360394
360395
360396
360397
360398
360399
360400
360401
360402
360403
360404
360405
360406
360407
360408
360409
360410
360411
360412
360413
360414
360415
360416
360417
360418
360419
360420
360421
360422
360423
360424
360425
360426
360427
360428
360429
360430
360431
360432
360433
360434
360435
360436
360437
360438
360439
360481
360527
360528
360529
360530
360531
360532
360533
360534
360535
360536
360542
360543
360544
360545
360546
360547
360549
360550
360564
360581
360610
360612
360614
360628
360629
360630
360631
360632
360633
360634
360635
360636
360638
360639
360640
360642
360643
360645
360646
360647
360649
360650
360651
360652
360653
360654
360655
360657
360658
360660
360661
360662
360663
360664
360665
360666
360669
360672
360673
360674
360675
360677
360678
360679
360681
360682
360683
360689
360691
360693
360694
360698
360701
360706
360707
360710
360731
360732
360733
360734
360735
360736
360737
360743
360756
360763
360771
360785
360792
360808
360815
360816
360823
360835
360889
360898
360899
360900
360902
360903
360904
360905
360906
360907
360908
360909
360910
360911
360912
360913
360914
360915
360916
360917
360918
360919
360920
360921
360922
360923
360924
360925
360926
360927
360928
360929
360930
360931
360932
360933
360934
360935
360936
360937
360938
360939
360940
360941
360942
360943
360944
360945
360946
360947
360948
360949
360950
360951
360953
361002
361005
361009
361010
361031
361051
361079
361080
361081
361082
361083
361085
361086
361091
361092
361093
361094
361095
361098
361099
361101
361103
361104
361107
361108
361109
361110
361111
361112
361115
361116
361121
361122
361133
361171
361172
361173
361174
361176
361177
361178
361179
361182
361183
361184
361185
361186
361187
361188
361189
361190
361191
361192
361193
361194
361195
361196
361197
361198
361199
361200
361201
361202
361203
361204
361205
361206
361207
361208
361209
361221
361227
361228
361242
361258
361259
361270
361271
361272
361276
361279
361283
361291
361292
361300
361314
361315
361318
361328
361334
361341
361342
361344
361345
361346
361348
361353
361359
361368
361370
361371
361380
361382
361384
361420
361421
361422
361423
361431
361475
361479
361480
361491
361497
361502
361506
361512
361523
361527
361528
361531
361532
361533
361534
361535
361536
361537
361538
361540
361541
361542
361543
361544
361545
361546
361547
361548
361549
361550
361551
361552
361553
361554
361562
361563
361564
361565
361566
361567
361569
361570
361571
361572
361573
361574
361576
361577
361578
361579
361583
361591
361593
361594
361597
361598
361599
361600
361603
361604
361607
361610
361611
361612
361614
361616
361620
361621
361627
361631
361633
361635
361638
361639
361644
361647
361650
361652
361657
361659
361662
361663
361665
361677
361687
361688
361692
361695
361697
361712
361728
361729
361736
361740
361742
361759
361765
361769
361775
361779
361792
361803
361804
361807
361808
361809
361810
361814
361817
361818
361819
361869
361876
361882
361883
361884
361892
361896
361897
361899
361900
361910
361922
361936
361945
362032
362056
362060
362066
362070
362071
362079
362087
362088
362090
362100
362102
362117
362118
362120
362121
362124
362128
362132
362133
362136
362137
362138
362139
362140
362141
362142
362144
362148
362151
362152
362153
362154
362159
362160
362161
362162
362163
362168
362171
362172
362173
362174
362175
362176
362177
362178
362179
362185
362186
362187
362188
362189
362190
362191
362197
362198
362199
362200
362201
362204
362217
362230
362245
362246
362249
362252
362275
362287
362292
362296
362302
362304
362305
362307
362308
362323
362350
362353
362359
362365
362372
362383
362386
362389
362400
362402
362412
362413
362414
362415
362416
362417
362418
362419
362420
362421
362422
362423
362424
362425
362426
362427
362428
362429
362430
362431
362432
362433
362434
362435
362436
362437
362438
362439
362440
362441
362442
362443
362444
362445
362446
362447
362448
362449
362450
362451
362452
362453
362454
362455
362456
362457
362458
362459
362460
362461
362462
362463
362464
362465
362466
362467
362468
362469
362470
362471
362472
362473
362474
362475
362476
362477
362478
362479
362480
362481
362482
362483
362484
362485
362486
362487
362488
362489
362490
362491
362492
362493
362494
362495
362496
362497
362498
362499
362500
362501
362502
362503
362504
362505
362506
362507
362508
362509
362510
362511
362512
362513
362514
362515
362516
362517
362518
362519
362520
362521
362522
362523
362524
362525
362526
362527
362528
362529
362530
362531
362532
362533
362534
362535
362536
362537
362538
362539
362540
362541
362542
362543
362544
362545
362546
362547
362548
362549
362550
362551
362552
362553
362554
362555
362556
362557
362558
362559
362560
362561
362562
362563
362564
362565
362566
362567
362568
362569
362570
362571
362572
362573
362574
362575
362576
362577
362578
362579
362580
362581
362582
362583
362584
362585
362586
362587
362588
362589
362590
362591
362592
362593
362594
362595
362596
362597
362599
362600
362601
362602
362603
362604
362605
362606
362607
362608
362610
362611
362613
362616
362619
362623
362625
362631
362636
362638
362640
362657
362669
362670
362671
362673
362795
362796
362797
362802
362806
362813
362822
362823
362826
362834
362836
362847
362860
362871
362897
362919
362924
362926
362927
362931
362934
362936
362937
362941
362944
362946
362951
362956
362957
362958
362968
362971
362980
362982
362986
362988
362989
362990
362994
363003
363035
363036
363037
363038
363039
363040
363041
363042
363043
363044
363045
363046
363047
363048
363049
363050
363051
363052
363053
363054
363055
363056
363057
363058
363059
363060
363061
363062
363063
363064
363065
363066
363067
363068
363069
363074
363083
363086
363090
363091
363093
363094
363102
363109
363110
363112
363116
363120
363130
363132
363134
363138
363149
363151
363155
363156
363158
363177
363179
363180
363182
363185
363194
363199
363204
363207
363217
363218
363219
363220
363221
363222
363223
363224
363225
363226
363227
363228
363229
363230
363231
363232
363233
363234
363235
363236
363237
363238
363239
363240
363241
363242
363243
363244
363245
363246
363247
363248
363249
363250
363251
363252
363253
363254
363255
363256
363257
363258
363259
363260
363261
363262
363263
363264
363265
363266
363267
363268
363269
363270
363271
363272
363273
363274
363275
363276
363277
363278
363279
363280
363281
363282
363283
363284
363285
363286
363287
363288
363289
363290
363291
363292
363293
363294
363295
363296
363297
363298
363299
363300
363301
363302
363303
363304
363305
363306
363307
363308
363309
363310
363311
363312
363313
363314
363315
363316
363317
363318
363319
363320
363321
363322
363323
363324
363325
363326
363327
363328
363329
363330
363331
363332
363333
363334
363335
363336
363337
363338
363339
363340
363341
363342
363343
363344
363345
363346
363347
363348
363349
363350
363351
363352
363353
363354
363355
363356
363357
363363
363365
363368
363370
363371
363372
363377
363378
363383
363385
363386
363387
363390
363392
363396
363398
363399
363400
363401
363404
363407
363409
363410
363412
363413
363414
363417
363441
363445
363446
363447
363448
363449
363450
363451
363452
363453
363454
363455
363456
363457
363458
363459
363460
363461
363462
363463
363464
363465
363466
363467
363468
363469
363470
363471
363472
363473
363474
363475
363476
363477
363478
363479
363480
363481
363482
363483
363484
363485
363509
363600
363602
363604
363606
363607
363611
363612
363613
363616
363619
363621
363624
363625
363626
363627
363628
363629
363630
363631
363632
363633
363634
363635
363636
363637
363638
363639
363640
363641
363642
363643
363644
363645
363646
363647
363648
363649
363650
363651
363652
363653
363654
363655
363656
363657
363658
363661
363667
363689
363692
363693
363694
363695
363696
363697
363698
363699
363700
363701
363702
363703
363704
363705
363706
363707
363708
363709
363710
363711
363712
363713
363714
363715
363717
363718
363725
363729
363736
363740
363750
363754
363763
363778
363784
363795
363815
363820
363821
363822
363849
363851
363860
363863
363865
363867
363868
363869
363870
363871
363872
363873
363874
363875
363876
363877
363878
363879
363880
363881
363882
363883
363884
363885
363887
363894
363895
363896
363897
363898
363899
363900
363901
363902
363903
363904
363905
363906
363907
363908
363909
363910
363911
363912
363913
363914
363915
363916
363917
363918
363919
363920
363921
363922
363923
363924
363925
363926
363927
363928
363929
363930
363931
363932
363933
363934
363935
363936
363937
363938
363939
363940
363941
363942
363943
363944
363945
363946
363947
363948
363949
363950
363951
363952
363953
363954
363955
363956
363957
363958
363959
363960
363961
363962
363963
363964
363965
363966
363967
363969
363977
363979
363981
363982
363991
363997
363999
364004
364007
364010
364017
364021
364025
364026
364027
364028
364029
364030
364031
364032
364033
364034
364035
364036
364037
364038
364039
364040
364041
364042
364043
364044
364045
364046
364047
364048
364049
364050
364051
364052
364053
364054
364055
364056
364057
364058
364059
364060
364061
364062
364063
364064
364065
364066
364067
364068
364069
364070
364071
364072
364073
364074
364075
364076
364077
364078
364079
364080
364081
364082
364083
364084
364085
364086
364087
364088
364089
364090
364091
364092
364093
364094
364095
364096
364097
364098
364099
364100
364101
364102
364103
364104
364105
364106
364107
364108
364109
364110
364111
364116
364133
364167
364174
364180
364196
364202
364203
364209
364216
364249
364250
364251
364252
364256
364258
364270
364277
364283
364299
364316
364326
364327
364332
364335
364337
364341
364344
364345
364347
364351
364353
364362
364367
364369
364373
364376
364377
364379
364380
364383
364384
364385
364386
364388
364399
364402
364403
364407
364413
364416
364418
364423
364435
364436
364441
364455
364458
364459
364462
364465
364466
364467
364468
364469
364470
364471
364472
364476
364477
364479
364480
364484
364485
364486
364487
364490
364491
364492
364493
364494
364495
364496
364497
364498
364505
364527
364528
364530
364533
364534
365113
365143
365144
365168
365169
365170
365171
365172
365173
365174
365185
365186
365188
365189
365190
365191
365192
365193
365194
365195
365196
365197
365198
365199
365200
365201
365202
365203
365204
365205
365206
365207
365208
365209
365210
365211
365212
365213
365214
365215
365216
365217
365218
365219
365220
365221
365222
365223
365224
365225
365226
365227
365228
365229
365230
365231
365232
365233
365234
365235
365236
365237
365238
365239
365240
365241
365242
365243
365244
365245
365246
365247
365248
365249
365250
365251
365252
365253
365254
365255
365256
365257
365258
365259
365260
365261
365262
365263
365264
365265
365266
365267
365268
365269
365270
365271
365272
365273
365274
365275
365276
365277
365278
365279
365280
365281
365282
365283
365284
365285
365286
365287
365288
365289
365290
365291
365292
365293
365294
365295
365296
365297
365298
365299
