365300
365303
365307
365309
365326
365329
365352
365353
365354
365355
365356
365357
365358
365359
365360
365363
365364
365365
365366
365367
365368
365369
365370
365371
365372
365373
365374
365375
365376
365377
365378
365379
365380
365381
365382
365383
365384
365385
365386
365387
365388
365389
365390
365391
365392
365393
365394
365395
365396
365397
365398
365399
365400
365401
365402
365403
365404
365405
365406
365407
365408
365409
365410
365411
365412
365414
365416
365418
365419
365421
365427
365428
365430
365449
365452
365456
365458
365459
365460
365461
365462
365464
365471
365474
365479
365482
365484
365498
365507
365509
365519
365524
365525
365528
365530
365531
365537
365538
365545
365548
365549
365550
365551
365554
365557
365567
365570
365576
365587
365593
365611
365613
365614
365624
365628
365629
365631
365639
365640
365641
365642
365647
366388
